100
0.1039 0.4419 1
0.2459 -0.0641 1
-0.2368 -0.2064 1
-0.4939 0.1160 1
0.1383 0.2530 1
0.2168 0.3881 1
-0.0100 -0.4550 1
-0.4672 0.2271 1
-0.2104 0.3363 1
0.3713 -0.4896 1
0.4318 0.0140 1
-0.1143 0.3413 1
0.4943 -0.3898 1
0.2169 0.1213 1
0.4877 -0.4679 1
-0.2627 0.4631 1
-0.3748 -0.1130 1
0.1421 -0.2174 1
0.0483 0.1397 1
-0.4127 0.0389 1
0.1647 -0.3644 1
0.4119 0.3741 1
-0.0565 0.1432 1
-0.3896 0.3846 1
-0.4938 -0.4579 1
0.1602 -0.4497 1
0.4186 0.1742 1
0.3520 0.0886 1
0.4127 -0.2893 1
-0.3822 -0.4980 1
-0.0458 0.0620 1
-0.0707 -0.0693 1
-0.1268 0.3879 1
-0.3551 0.2503 1
-0.2109 -0.0329 1
-0.1052 0.1158 1
-0.1462 -0.3213 1
0.0689 0.4767 1
-0.0107 0.3191 1
0.3657 0.1294 1
-0.3577 0.2041 1
0.0027 -0.4709 1
0.3397 -0.2326 1
0.2387 0.4915 1
-0.0060 0.0774 1
-0.3910 -0.0005 1
0.3268 -0.0747 1
-0.1876 0.0904 1
-0.4169 0.0670 1
0.0639 -0.1151 1
0.4511 0.2927 1
-0.2575 0.0162 1
0.3599 -0.0896 1
0.1419 0.3752 1
-0.1724 0.2937 1
-0.2791 -0.2938 1
-0.4297 0.2509 1
-0.3577 -0.3648 1
-0.3976 0.4177 1
-0.0635 0.2915 1
0.3288 -0.4166 1
-0.1310 -0.2870 1
-0.3166 -0.1443 1
0.0288 0.0445 1
-0.1424 0.3385 1
0.2560 -0.0624 1
-0.3769 -0.1661 1
-0.0300 0.1589 1
-0.2931 -0.2928 1
0.2931 -0.4148 1
0.4387 -0.0695 1
-0.4737 -0.4293 1
0.3995 -0.3819 1
0.2830 0.0902 1
-0.0631 -0.0219 1
0.1192 0.0754 1
-0.2029 -0.2951 1
-0.1449 -0.3910 1
-0.2497 0.1927 1
-0.1164 0.4821 1
-0.2123 0.2640 1
0.1246 0.3270 1
-0.0973 -0.2626 1
0.0435 -0.0790 1
0.1935 -0.4958 1
0.4252 -0.2270 1
0.4842 0.4238 1
-0.1275 -0.3853 1
-0.1283 -0.3241 1
-0.0468 -0.2101 1
0.3341 0.3793 1
-0.3071 -0.0454 1
-0.0916 0.1933 1
-0.3319 0.0879 1
0.4995 -0.4302 1
0.0899 0.4981 1
0.0960 0.0360 1
0.4191 -0.1329 1
0.4944 0.2873 1
-0.2142 -0.1988 1
